0000000000000000000000000000000000000000000000000000001000000000110000000011100000000000000000000000000000000000000000000
1000000000000000000000000000000000000000000000000000000000000000000000000000000000000000000000000000000000000000000000000
0000000000000000000000000000000000000000000010000000000100000000000000000000000000000000000000000000000000000000000000000
0000000000010000000000000000000000000000000000000000000000000000000000000000000000000000000000000000000000000000000000000
0000000000000000000000100000000001000000000000000000000000000000000000000000000000000000000000000000000000000000000000000
0000000000000000000000000000000000000000000001111000000010000000000000000000000000000000000000000000000000000000000000000
0000000000000000000000000000000000000000000000000000000000000000000000000000000000000111000000001110000000011100000000000
0000000000000000000000000000000000000000000000000000000001110000000111000000001100000000010000000000000000000000000000000
0000000000000000000000000000000000000000000000000000000000000000001000000000010000000000100000000001000000000000000000000
0000000000000000000000000000000000000001100000000111000000001110000000001100000000000000000000000000000000000000000000000
0000000000000000000000000000000000000000000000000000000000000000000000000000000000000000000011110000001111100000000000000
0001111000000000000000000001100000000110000000000000000000000000000000000000000000000000000000000000000000000000000000000
0000000000100000000000000000000000000000000000000000000000000000000000000000000000000000000000000000000000000000000000000
0000000110000000011100000000010000000000000000000000000000000000000000000000000000000000000000000000110000000000000000000
0000000001000000000001000000000010000000000100000000000000000000000000000000000000000000000000000000000000000000000000000
0000000000000000000000000000000000000000000000000000000000000000000000110000000011111000001100000000000000000000000000000
0000000000000000000000000000000000000000000000000000000000000000000000000000000000000000000000000000000000000001100000000
0000000000000111100000001110000000011000000000000000000000000000000000000000000000000000000000000000000000000000000000000
0000000000000000000000000000000000000000000000000000000000000000000000000000000000000000000000000000000000000010000000000
0000000000000000000000000000000000000000000000000000000000000000000000000000000000000000000000000000000000000000000000011
0000000000000000000000000000000000000000000000000000000000000000000000000000000000000000000000000000000000000000011111100
0110000000001000000000010000000000100000000000000000000000000000000000000000000000000000000000000000000000000000000000000
0000000000000000000010000000001100000000011000000000110000000001000000000000000000000000000000000000000000000000000000000
