0000000010000000000111000000001110000000000000000000000000000000000000000000000000000000000000000000000000000000000000000
0000000000001100000000010000000000000000000000000000000000000000000000000000000000000000000000000000000000000000000000110
0000000000000000000000000000000000000000000000000000000010000000000111110000000000000000000000000000000000000000000000000
0000000000000000000000000000000000000000000000000000000000000000000000000000001000000000110000000000100000000001000000000
0000000000000000000000000000000000000000000000000000000000000000001000000000010000000000000000000000000000000000000000000
0000000000000000000000000000000000000000000010000000000100000000000000000000000000000000000000000000000000000000000000000
0000000000000001111000000001110000000001000000000000000000000000000000000000000000000000000000000000000000000000000000000
0000000000000000000000000000000000000000000100000000011000000001110000000000000000000000000000000000000000000000000000000
0000000000010000000000000000000000000000000000000000000000000000000000000000000000000000000000000000000000000000000000000
0000000001100000000000000000000000000000000000000000000000000000000000000000000000000000000000000000000000000000000000000
0100000000000000000000000000000000000000000000000000000000000000000000000000000000000000000000000000000000000000000000000
0000000000000000000000000000000000000000000000000000000000000000000000000000100000000001000000000010000000000100000000000
0000000000000000000000000000000000000000000000000000000000000000000000000000000000000000000000000001000000000010000000000
0000000000000000000000100000000001000000000000000000000000000000000000000000000000000000000000000000000000000000000000000
0000000000000010000000001000000000110000000001100000000001000000000000000000000000000000000000000000000000000000000000000
0000000000000000000000000110000000001110000000011100000000110000000000000000000000000000000000000000000000000000000000000
0000000000000000000000000000000000000000000000000000000000000000000000000001000000001010000000010100000000101000000000000
0000000000000000000000000000000000000000000000000000000000000000000000001110000000010100000000101000000000010000000000000
0000111100000000000000000000000000000000000000000000000000000000000000000000000000000000000000000000000000000000000000000
1000000000000000000000000000000000000000000000000000000000000000000000000000000000000000000000000000000000000000000000000
0000000000000000000000000000000000000000111000000011100000001110000000000000000000000000000000000000000000000000000000000
0011000000000000000000000000000000000000000000000000000000000000000000000000000000000000000000000000000000000000000000000
0000000000000000000000000000000000000000000000000000000000000000000000000000000000000000000000000000000000000000000000001
0000000000000000000000000000000000000000000000000000000000000000000000000000000000100000000001000000000111000000001111000
0000000000000000000000000000000000000000000000000000000000000000000000000000000111000000001110000000011000000000110000000
