0000000000000000000000000000000000000000000000000000000000000000000000010000000000000000000000000000000000000000000000000
0000000000000000000000000000000000000000000001000000000011000000000110000000001100000000010000000000000000000000000000000
0000000000000000000000000000000000000001000000000110000000001100000000100000000001000000000000000000000000000000000000000
0000000000000000000000100000000000000000000000000000000000000000000000000000000000000000000000000000000000000000000000000
0000011110000000000000000000000000000000000000000000000000000000000000000000000000000000000000000000000110000000000000000
0100000000000000000000000000000000000000000000000000000000000000000000000000000000000000000000000000000000000000000000000
0000000000000000011110000000011100000000011000000000000000000000000000000000000000000000000000000000000000000000000000000
0000000000000000000000000000000000000000100000000001000000000010000000001100000000110000000000000000000000000000000000000
0000000000000000000000000001100000000110000000011000000000110000000001000000000000000000000000000000000000000000000000000
0011000000001000000000000000000000000000000000000000000000000000000000000000000000000000000000000000000000000000000000000
0000000000000000000000000000000000000000000000000000000000000000000000000000000000000000000000000001000000000001000000000
0000000000000000000000000000000000000000000000000000000000000000000000000000000000001000000011110000000001000000001110000
1000000000000000000000000000000000000000000000000000000000000000000000000000000000000000000000000000000000000000000000000
0000000000000000000000000000000000000000000000000000000000000000000000000001000000000111000000001100000000110000000001000
0000000000000000000000000000000001000000000000000000000000000000000000000000000000000000000000000000000000000000000000000
0000000000100000000000000000000000000000000000000000000000000000000000000000000000000000000000000000000000000000000000000
0000000000000000000000000000000000000000000000000000000000000000000000000000000010000000001100000000111000000000110000000
0000000000000000000000000000000000000000000000000000000000000000000000000000000000000000000000000000000000000000000000010
0000000000000001100000000110000000011000000000100000010000000000100000000000000000000000000000000000000000000000000000000
0000000000000000000000000000000000000000000000000000000000000000000000000000000000000000000000000000000000000010000000000
0000000001000000000001000000000000000000000000000000000000000000000000000000000000000000000000000000000000000000000000000
0000000000000000000000000000000000000000000000000000000000000000000000000000000000000000000000000000000000000000000000001
0000000000000000000000000000000000000000000000000000000000000000000000000000000000000000000000000010000000001100000000100
0000000000000000000000000000000010000000000100000000101000000001010000000010100000000000000000000000000000000000000000000
0000000000010000000000000000000000000000000000000000000000000000000000000000000000000000000000000000000000000000000000000
0000000000000000000000000000000000000000000010000000000100000000001000000000010000000000100000000000000000000000000000000
0000100000000110000000011000000000100000000000000000000000000000000000000000000000000000000000000000000000000000000000000
