0000000000000000000000000000000000000000000000000000000000000111000000000111000000000110000000000100000000000000000000000
0000000000000000000000000000000000000000000000000000000000000000000000000000000000001000000001111000000001110000000011000
0000111111000000000000000000000000000000000000000000000000000000000000000000000000000000000000000000000000000000000000000
0000000000000000000000000000000000000000000000001111000000111000000001100000000000000000000000000000000000000000000000000
0000000000000000111000000001111110000000000000000000000000000000000000000000000000000000000000000000000000000000000000000
0000000000000000000000000000000000000000000000000000111000000000110000000000000000000000000000000000000000000000000000000
0000000000000000000000000000000000000000000000000000000000000000000000000000001000000000011110000000000000000000111100000
0100000000100000000000000000000000000000000000000000000000000000000000000000000000000000000000000000000000000000000000000
0000000000000000000000000000000000000000000000000000000000000000000000011000000111110000000000000000000000000000000000000
0000000000000011000000000110000000011100000000110000000001000000000000000000000000000000000000000000000000000000000000000
0000000000000000000000000000000000000000000000000000000010000000000110000000100000000001000000000010000000000000000000000
1000000000010000000000000000000000000000000000000000000000000000000000000000000000000000000000000000000000000000000000000
0000000000000000000000000000000000000000000010000000000100000000000000000000000000000000000000000000000000000000000000000
0011000000001000000000000000000000000000000000000000000000000000000000000000000000000000000000000000000000000000000000000
0000000000000100000000011000000000100000000001000000000000000000000000000000000000000000000000000000000000001000000000100
0000000000000000000000000000000000000011111100000000000000000000000000000000000000000000000000000000000000000000000000000
0000000000000000000000000000000000000000000000000000000000000000000000000000000000000000100000000001000000000001000000000
0000000000000000000000100000000001000000000000000000000000000000000000000000000000000000000000000000000000000010000000000
0000000000000000000000000000000000000000000000000000000000000000000000000000000000000000000000000000000000000100000000011
0000000000000000000000000000000000000000000000000000000000000000001000000000010000000000000000000000000000000000000000000
0000000000000000000111000000000000000000000000000000000000000000000000000000000000000000000000000000111110000000000000000
