0000000000000000000000000000000001000000000011100000000000000000000000000000000000000000000000000000000000000000000000000
0000000000000000000000000000000000000000000100000000001000000000000000000000000000000000000000000000000000000000000000000
0000000000000000000000000000000000000000000000000000000000000000000000000000000111000000000000000000000000000000000000000
0000000000000000000000000000000000000000000000000000000000000000000000000000000000000000000000000000000000000100000000000
0000000000000000000000011100000000111100000000000000000000000000000000000000000000000000000000000000000000000000000000000
0100000000010000000000000000000000000000000000000000000000000000000000000000000000000000000000000000000000000000000000000
0000000000000000000000000000000000000000000000000000000000000000000000000000000000000000000000000000001111000000001111000
0011111100000000000000000000000000000000000000000000000000000000000000000000000000000000000000000000000000000000000000000
0000000000000000000000000000000000000000000000000000000000000000000000000000000000000000000000000000000000000010000000000
0000000000000000010000000011100000000000000000000000000000000000000000000000000000000000000000000000000000000001110000000
0000000000000000000000000000000000000000000000000000000000000000000011111000000000000000000000000000000000000000000000000
0000000000000000000000000000000000000000000000000000000100000000000000000000000000000000000000000000000000000000000000000
0000000001000000000000000000000000000000000000000000000000000000000000000000000000000000000000000000000000000000000000000
0000000000000000000000000000000000000000000000000000000000000000000000000000001000000000111100000001110000000000000000000
0000000000000000000001000000000010000000000000000000000000000000000000000000000000000000000000000000000000000000000000000
0000000000001111100000000000000000000000000000000000000000000000000000000000000000000000000000001000000000100000000000000
0000000000000000000000100000000000000000000000000000000000000000000000000000000000000000000000000000000000001000000000110
0000000000000000000000000000000000000000000000011100000001111100000000000000000000000000000000000000000000000000000000000
1000000000000000000000000000000000000000000000000000000000000000000000000000000000000000000000000000000000000000000000000
0000000000000000000000000000000000000000000000000000000010000000001100000000010000000000000000000000000000000000000000000
0000000000000000000000000000000000000000000000000000000000000011100000000111000000000110000000000100000000000000000000000
0000000000100000000000000000000000000000000000000000000000000000000000000000000000000000000000000000000000000000000000000
0000000000000000000000000000000000000000000000000000000000000000000000000000000000111000000011110000000000010000000000000
0000000000000000001100000000011000000011110000000011000000000000000000000000000000000000000000000000000000000000000000000
0000000000000000000000000000000000000000000000000000000000000000000000000000000000000000000000000000000000000000000000001
0000000010000000000010000000000100000000001000000000110000000000000000000000000000000000000000000000000000000000000000000
0000000000000000000000000000000000000000000000000000000000000000010000000000100000000001000000000010000000000000000000000
